2596
135 99 137 102
37 126 39 129
118 40 120 43
95 95 97 98
6 120 8 123
175 74 177 77
56 144 58 147
108 95 110 98
89 221 91 224
160 114 162 117
121 94 123 97
43 167 45 170
23 179 28 180
13 24 15 27
47 124 49 127
81 128 83 131
36 90 38 93
169 232 171 235
100 143 102 146
135 107 136 112
98 216 100 219
185 13 190 14
92 67 94 70
128 100 130 103
62 209 64 212
74 38 76 41
22 61 24 64
44 140 46 143
126 76 128 79
193 26 195 29
32 50 34 53
118 133 120 136
61 137 63 140
16 132 18 135
113 240 115 243
74 3 76 6
165 20 167 23
141 245 146 246
178 43 183 44
121 9 123 12
59 151 61 154
141 248 146 249
111 93 113 96
39 1 41 4
11 87 13 90
62 147 64 150
133 147 135 150
30 90 32 93
116 186 118 189
175 26 177 29
115 116 117 119
183 134 185 137
78 181 80 184
147 9 149 12
67 157 72 158
89 39 91 42
88 12 90 15
132 140 134 143
175 82 177 85
75 34 77 37
95 214 97 217
154 203 156 206
123 223 125 226
38 145 40 148
71 15 73 18
146 160 148 163
124 228 126 231
152 246 154 249
43 233 45 236
115 73 117 76
58 61 60 64
35 47 36 52
129 144 131 147
121 85 123 88
17 158 19 161
96 173 98 176
17 119 22 120
195 18 197 21
60 215 62 218
142 14 144 17
80 96 85 97
135 173 137 176
61 159 72 159
93 0 95 3
21 112 23 115
189 122 192 124
182 153 184 156
57 85 59 88
88 179 90 182
166 154 168 157
127 193 130 195
165 86 176 86
111 113 113 116
50 208 52 211
167 244 169 247
47 150 49 153
162 225 164 228
16 149 18 152
110 186 112 189
5 127 10 128
71 122 82 122
122 101 124 104
129 57 131 60
143 65 145 68
60 164 62 167
24 15 26 18
195 188 197 191
99 47 101 50
72 51 74 54
107 190 118 190
12 123 14 126
35 194 37 197
12 127 17 128
175 19 177 22
135 139 136 144
102 244 104 247
27 2 29 5
172 173 174 176
159 234 161 237
23 95 25 98
106 208 108 211
10 98 12 101
8 18 10 21
19 33 21 36
128 83 130 86
26 183 28 186
65 142 67 145
23 134 25 137
96 41 98 44
113 210 115 213
76 148 78 151
146 171 148 174
28 33 30 36
191 42 196 43
5 100 7 103
103 194 105 197
148 68 150 71
69 40 71 43
176 35 178 38
136 50 141 51
137 136 139 139
26 56 28 59
123 234 128 235
114 195 116 198
97 230 99 233
36 199 38 202
102 154 104 157
78 42 80 45
55 20 60 21
8 203 10 206
161 100 163 103
132 6 134 9
0 106 0 117
30 43 32 46
44 117 46 120
10 224 15 225
58 33 60 36
53 228 55 231
157 185 159 188
176 182 178 185
101 77 103 80
113 7 118 8
146 204 147 209
102 43 104 46
182 237 184 240
7 153 10 155
150 113 152 116
162 37 164 40
113 127 115 130
170 150 175 151
97 126 99 129
100 160 102 163
138 92 140 95
162 139 164 142
28 161 30 164
23 104 25 107
26 65 28 68
36 23 38 26
61 6 66 7
35 82 37 85
67 232 68 237
129 48 131 51
107 71 109 74
93 62 95 65
86 99 88 102
91 7 93 10
140 188 142 191
94 124 96 127
134 75 136 78
187 110 189 113
38 46 40 49
54 56 56 59
142 54 144 57
180 177 182 180
160 88 165 89
24 51 26 54
167 143 169 146
73 160 75 163
32 28 34 31
29 37 31 40
82 71 84 74
106 117 108 120
27 74 29 77
53 30 55 33
4 142 6 145
133 114 138 115
179 171 179 182
140 85 145 86
163 215 165 218
126 112 131 113
164 211 166 214
130 170 133 172
66 54 67 59
52 151 54 154
114 231 116 234
151 138 153 141
56 118 58 121
150 181 152 184
39 88 41 91
59 96 61 99
152 126 154 129
8 115 13 116
121 3 123 6
128 238 130 241
2 29 4 32
188 57 190 60
135 238 140 239
124 164 126 167
7 32 9 35
141 3 143 6
1 124 3 127
96 75 107 75
171 178 176 179
149 243 151 246
127 115 129 118
162 134 167 135
23 196 25 199
120 211 122 214
32 122 34 125
92 188 94 191
47 37 58 37
139 56 141 59
73 111 75 114
147 166 149 169
165 101 167 104
48 78 50 81
129 204 134 205
30 106 35 107
6 146 11 147
155 145 157 148
109 134 111 137
159 165 161 168
178 16 178 27
115 132 117 135
14 116 21 116
13 160 15 163
127 68 129 71
41 33 43 36
194 201 196 204
157 34 159 37
140 77 142 80
195 217 197 220
79 5 81 8
162 163 165 165
71 184 73 187
2 100 4 103
99 195 101 198
58 15 60 18
68 240 70 243
88 49 93 50
68 145 73 146
79 106 81 109
61 10 63 13
89 104 91 107
145 23 147 26
155 22 157 25
80 205 82 208
113 45 118 46
105 89 107 92
97 150 98 155
0 59 2 62
48 85 50 88
58 219 60 222
193 87 195 90
174 70 176 73
184 162 186 165
67 245 72 246
2 244 4 247
73 83 75 86
56 157 58 160
180 18 182 21
121 117 126 118
68 211 70 214
18 40 20 43
96 53 96 64
3 13 5 16
2 5 4 8
43 156 54 156
20 181 22 184
106 203 108 206
91 83 93 86
17 137 19 140
104 67 109 68
60 50 62 53
27 202 29 205
172 230 174 233
41 105 43 108
21 126 32 126
109 65 114 66
6 41 8 44
66 156 77 156
153 228 155 231
79 137 79 148
101 172 102 177
32 204 37 205
80 200 82 203
28 118 30 121
133 37 133 48
29 224 31 227
74 56 76 59
40 150 42 153
127 135 129 138
151 35 156 36
50 234 55 235
88 230 90 233
153 96 155 99
182 172 187 173
138 242 140 245
85 206 87 209
96 222 98 225
170 7 172 10
40 56 42 59
139 87 144 88
148 13 148 24
125 123 127 126
83 219 85 222
139 123 141 126
109 86 111 89
144 43 146 46
86 7 88 10
183 73 185 76
29 133 34 134
10 242 12 245
123 203 125 206
169 240 171 243
189 170 191 173
169 167 171 170
60 66 62 69
3 64 4 69
65 19 67 22
116 87 118 90
63 55 65 58
133 157 135 160
174 100 176 103
195 125 195 136
32 209 34 212
93 235 98 236
149 19 151 22
82 176 83 181
162 83 164 86
0 126 0 137
31 86 36 87
170 57 172 60
52 22 54 25
47 100 49 103
56 123 58 126
75 13 80 14
37 178 39 181
117 3 119 6
94 180 96 183
83 26 85 29
58 237 63 238
85 168 87 171
33 183 35 186
151 219 153 222
60 88 62 91
170 31 175 32
26 193 28 196
42 10 44 13
117 139 128 139
68 55 70 58
78 127 80 130
159 144 164 145
42 155 53 155
46 104 51 105
107 192 112 193
96 88 98 91
36 117 38 120
129 185 131 188
132 55 134 58
171 112 173 115
124 158 126 161
31 74 33 77
91 195 93 198
5 24 6 29
103 163 103 174
19 56 21 59
56 69 58 72
54 111 56 114
75 194 77 197
82 20 87 21
50 92 52 95
121 197 126 198
77 51 78 56
190 189 192 192
83 124 85 127
184 115 186 118
111 80 116 81
62 160 67 161
66 29 68 32
181 122 183 125
178 152 180 155
72 33 74 36
99 150 100 155
150 117 152 120
74 134 74 145
139 145 140 150
149 226 151 229
110 24 112 27
80 46 85 47
24 90 26 93
106 194 109 196
93 171 95 174
138 247 149 247
196 53 198 56
84 189 86 192
90 147 92 150
101 117 103 120
93 177 98 178
112 72 114 75
131 97 132 102
192 144 194 147
125 242 127 245
173 234 173 241
180 148 182 151
69 221 69 232
117 50 119 53
1 110 3 113
169 22 171 25
53 174 55 177
64 245 66 248
7 233 9 236
7 227 12 228
132 191 134 194
88 208 90 211
98 248 103 249
195 109 197 112
24 108 25 112
49 47 51 50
86 37 88 40
82 103 87 104
170 224 175 225
108 181 110 184
71 8 73 11
133 96 138 97
140 134 143 136
38 169 40 172
155 155 157 158
111 182 113 185
95 157 97 160
193 221 195 224
127 208 129 211
88 237 90 240
60 123 71 123
112 168 114 171
147 110 149 113
160 53 165 54
80 210 85 211
163 74 174 74
42 160 44 163
26 151 28 154
42 84 44 87
2 238 4 241
37 9 39 12
93 137 93 148
36 236 38 239
69 87 74 88
16 17 18 20
4 230 9 231
185 15 187 18
0 0 3 1
64 69 66 72
26 94 30 95
149 128 151 131
100 0 102 3
188 244 190 247
7 219 9 222
169 94 171 97
157 205 159 208
52 42 54 45
30 5 41 5
81 170 83 173
103 201 105 204
152 209 157 210
6 84 11 85
26 140 28 143
166 75 168 78
97 186 102 187
145 36 147 39
104 230 106 233
45 31 47 34
185 141 187 144
90 29 92 32
9 51 11 54
3 226 14 226
42 40 44 43
184 193 195 193
144 131 145 136
25 20 27 23
39 108 39 119
29 135 34 136
150 161 152 164
69 161 71 164
167 123 169 126
183 229 185 232
105 243 107 246
186 63 191 64
114 9 119 10
27 52 29 55
47 65 58 65
157 65 159 68
191 208 193 211
139 114 148 114
109 82 114 83
41 243 43 246
24 0 26 3
24 11 26 14
152 48 154 51
46 213 51 214
46 0 51 1
183 177 184 182
39 217 41 220
160 239 162 242
186 148 187 153
2 55 4 58
34 150 36 153
119 223 121 226
107 130 109 133
118 108 120 111
158 14 158 25
168 220 170 223
135 89 146 89
166 90 168 93
73 208 75 211
176 238 178 241
130 36 132 39
167 57 169 60
62 101 65 103
118 215 121 217
24 207 29 208
15 85 17 88
32 177 34 180
90 119 92 122
192 30 197 31
181 233 183 236
120 149 122 152
48 137 50 140
114 178 115 183
157 243 162 244
134 37 135 42
115 13 120 14
125 82 127 85
172 144 174 147
149 82 150 87
140 32 142 35
98 112 100 115
141 233 142 238
62 117 64 120
80 151 82 154
147 234 147 245
165 188 167 191
144 227 146 230
88 189 90 192
172 108 175 110
4 207 9 208
36 164 38 167
0 153 1 158
29 155 34 156
72 197 74 200
73 201 75 204
176 113 178 116
93 205 95 208
89 52 94 53
107 161 109 164
146 120 148 123
26 98 26 109
129 217 131 220
89 89 91 92
140 186 151 186
156 192 167 192
192 161 194 164
64 173 66 176
184 213 186 216
105 226 107 229
143 47 148 48
124 151 126 154
169 228 171 231
159 159 161 162
163 57 165 60
29 171 31 174
96 166 97 171
86 226 97 226
89 78 91 81
172 43 174 46
179 204 181 207
174 165 176 168
17 229 19 232
50 178 52 181
69 20 69 31
56 176 58 179
44 94 46 97
93 112 95 115
88 175 93 176
159 179 161 182
23 47 25 50
180 126 185 127
137 110 139 113
164 235 166 238
111 97 113 99
131 196 136 197
117 221 117 232
73 168 75 171
46 181 48 184
8 82 13 83
54 213 56 216
171 128 173 131
15 188 17 191
48 97 53 98
186 232 188 235
24 146 26 149
140 180 142 183
138 175 147 175
109 116 110 121
191 148 193 151
55 187 57 190
41 16 43 19
165 12 167 15
36 213 38 216
64 45 66 48
146 99 148 102
32 241 37 242
79 0 90 0
63 201 68 202
83 228 85 231
177 60 177 71
134 127 139 128
191 165 196 166
36 182 38 184
122 140 124 143
164 8 166 11
113 14 113 25
0 19 2 22
71 180 73 183
149 98 150 103
188 25 190 28
155 17 157 20
27 241 29 244
171 103 173 106
72 123 82 123
158 201 163 202
20 74 22 77
45 7 50 8
170 196 172 199
115 41 117 44
179 156 181 159
0 159 0 167
103 84 114 84
52 192 54 195
153 149 155 152
65 34 67 37
80 111 82 114
138 13 140 16
20 19 22 22
44 206 46 209
121 122 121 133
177 92 177 103
21 3 23 6
151 166 153 169
54 172 65 172
50 38 52 41
193 196 196 198
152 196 154 199
151 175 153 178
27 149 38 149
9 180 11 183
7 133 9 136
168 212 169 217
66 0 71 1
187 76 189 79
168 186 179 186
146 74 148 77
165 35 167 38
138 4 140 7
139 1 144 2
126 51 128 54
53 66 58 67
30 145 32 148
189 160 191 163
51 239 62 239
16 24 27 24
52 115 54 118
185 31 187 34
22 187 33 187
91 45 96 46
21 188 26 189
99 27 101 30
109 220 111 223
184 27 186 30
186 176 188 179
169 203 171 206
161 230 163 233
194 72 196 75
91 20 93 23
175 138 186 138
79 174 84 175
168 187 173 188
105 221 107 224
128 129 130 132
135 240 140 241
74 213 79 214
193 184 198 185
0 87 5 88
14 234 16 237
135 26 137 29
63 241 65 244
133 59 135 62
96 212 107 212
141 138 146 139
166 224 168 227
82 41 87 42
62 194 64 197
85 55 86 60
127 196 129 198
51 55 53 58
2 193 3 198
25 176 30 177
143 104 145 107
150 171 152 174
124 46 129 47
109 174 114 175
189 183 191 186
98 69 103 70
30 201 35 202
89 76 100 76
93 40 95 43
126 1 128 4
140 99 145 100
30 230 32 233
159 77 161 80
41 28 52 28
31 247 42 247
37 61 42 62
154 56 165 56
38 190 40 193
192 201 193 206
66 133 68 136
178 97 180 100
0 220 1 225
192 138 194 141
58 2 69 2
42 51 44 54
48 197 53 198
163 116 165 119
58 104 63 105
79 158 81 161
70 140 72 143
53 16 55 19
30 88 35 89
71 232 71 243
145 49 150 50
27 219 29 222
156 101 158 104
114 237 125 237
112 155 114 158
150 5 151 10
104 62 106 65
13 30 15 33
81 192 82 197
2 48 4 51
186 200 188 203
47 225 47 236
102 214 107 215
174 187 179 188
20 170 22 173
114 26 116 29
71 22 73 25
63 227 65 230
2 213 4 216
190 68 190 79
69 125 74 126
8 103 10 106
7 139 9 142
115 169 120 170
69 194 71 197
114 236 125 236
155 42 157 45
149 153 151 156
157 129 159 132
55 155 59 156
154 242 156 245
169 47 174 48
122 62 124 65
127 10 132 11
116 94 118 97
56 161 58 164
20 245 31 245
177 127 179 130
98 138 109 138
9 45 20 45
156 116 158 119
98 166 100 169
20 226 22 229
31 169 36 170
76 78 77 83
0 46 9 46
83 108 85 111
41 115 41 126
9 109 11 112
94 234 105 234
141 165 143 168
23 11 23 22
76 198 76 209
164 111 175 111
96 148 101 149
30 55 32 58
191 5 193 8
65 187 67 190
81 187 86 188
173 118 178 119
78 77 79 82
30 63 30 74
144 187 147 189
102 36 104 39
96 201 97 206
54 94 56 97
171 216 173 219
181 192 182 197
45 75 45 86
56 28 57 33
164 17 169 18
155 122 157 125
191 48 193 51
58 187 60 190
192 66 194 69
28 137 33 138
140 192 142 195
52 166 57 167
117 128 119 131
178 89 179 94
97 242 99 245
88 214 90 217
137 19 142 20
81 25 92 25
59 75 61 78
194 105 196 108
34 129 36 132
156 181 158 184
182 70 187 71
165 31 167 34
185 211 190 212
5 54 6 59
169 201 174 202
21 234 32 234
172 212 174 215
12 102 12 112
167 116 172 117
197 197 197 208
62 33 63 38
125 14 127 17
183 158 185 161
141 142 143 145
143 179 145 182
149 235 151 238
195 2 197 5
167 162 172 163
47 59 52 60
53 143 55 146
110 51 112 54
145 0 149 1
149 198 151 201
21 155 26 156
62 73 67 74
190 176 192 179
154 105 165 105
150 37 155 38
103 12 114 12
97 103 102 104
175 242 180 243
131 208 133 211
134 163 136 166
161 132 172 132
74 27 75 32
30 235 30 244
22 246 33 246
173 162 181 162
105 154 107 157
99 63 101 66
86 216 87 221
186 137 195 137
103 132 105 135
150 142 152 145
138 71 140 74
189 194 194 195
78 19 80 22
35 209 37 212
169 147 169 155
23 235 25 238
56 141 61 142
128 164 130 167
48 245 50 248
5 185 10 186
186 119 186 127
82 234 93 234
100 238 101 243
23 8 28 9
111 216 113 219
143 215 154 215
115 66 124 66
136 79 138 82
85 118 87 121
83 162 85 165
155 106 166 106
119 168 130 168
186 237 188 240
78 133 83 134
147 138 149 141
104 69 106 71
48 119 53 120
43 178 45 181
39 201 41 204
109 209 110 214
87 93 92 94
87 180 87 191
86 69 89 71
118 199 123 200
159 16 167 16
73 166 84 166
30 127 33 129
16 9 18 12
113 201 118 202
47 200 52 201
180 120 185 121
48 231 49 236
110 4 112 7
45 44 47 47
194 154 196 157
50 232 53 233
50 127 58 127
42 2 51 2
178 199 180 202
189 233 191 236
44 60 46 63
153 77 158 78
71 174 73 177
134 222 136 225
70 90 72 93
119 87 119 98
13 233 13 244
56 150 58 153
171 171 176 172
190 92 195 93
103 182 105 185
106 122 108 125
125 200 130 201
141 42 143 45
189 198 190 203
23 118 25 121
180 74 182 77
27 108 29 111
104 139 109 140
39 140 41 143
98 79 100 82
25 60 27 63
110 153 121 153
139 90 144 91
132 151 134 154
52 104 54 107
126 220 128 223
32 37 42 37
20 88 22 91
80 49 85 50
37 38 39 41
83 151 92 151
44 217 46 220
23 223 24 228
42 116 43 121
48 158 50 161
133 17 138 18
140 116 142 119
61 106 61 117
85 64 87 67
33 223 33 234
58 23 59 28
119 140 121 143
15 14 20 15
22 69 27 70
50 129 55 130
61 94 72 94
94 136 94 147
117 208 119 211
68 178 68 189
79 46 79 53
63 28 65 31
10 71 12 74
187 106 189 109
39 215 49 215
121 106 123 109
92 51 103 51
2 175 4 178
46 74 47 79
97 164 102 165
28 130 33 131
22 47 22 58
6 192 17 192
72 106 74 109
66 167 77 167
55 217 57 220
45 162 53 162
16 167 18 170
26 47 28 50
131 52 142 52
179 216 181 219
118 69 118 80
66 110 68 113
166 176 168 179
10 34 15 35
7 22 9 24
95 188 97 190
191 246 193 249
22 164 24 167
144 193 146 196
17 79 22 80
141 239 143 242
32 23 34 26
42 3 46 4
81 34 83 37
86 196 88 199
150 179 155 180
4 220 6 223
143 202 154 202
136 34 138 37
150 13 152 16
101 112 103 115
146 27 157 27
101 13 106 14
6 242 7 247
4 33 6 36
177 210 179 213
171 1 176 2
36 97 38 100
146 132 150 133
56 100 61 101
20 132 31 132
133 184 144 184
1 130 6 131
73 131 78 132
18 178 18 189
152 91 163 91
125 63 135 63
114 120 116 123
116 18 127 18
1 209 4 211
36 228 38 231
105 102 107 105
11 15 12 20
165 208 170 209
148 189 158 189
20 197 22 200
2 137 7 138
87 127 89 130
171 245 176 246
132 123 134 126
41 145 43 148
136 211 138 214
149 223 154 224
170 192 172 195
131 82 133 85
13 199 15 202
148 92 150 95
75 103 76 108
169 52 171 55
118 227 119 231
90 33 92 36
166 118 169 119
2 164 13 164
77 25 79 28
82 223 84 226
0 12 1 17
183 104 185 107
119 201 123 202
184 78 186 81
105 146 107 149
179 24 180 29
94 4 99 5
4 202 6 205
159 210 170 210
36 206 41 207
18 122 29 122
13 172 15 175
73 121 84 121
6 170 8 173
125 104 135 104
135 185 146 185
42 122 46 123
110 144 121 144
71 55 72 58
131 65 131 76
35 174 36 179
194 32 196 35
135 181 138 183
153 52 155 55
119 182 120 187
88 228 93 229
81 12 81 23
134 116 136 119
107 55 112 56
14 105 16 108
110 77 115 78
21 40 24 42
152 216 157 217
133 20 135 23
72 238 73 243
13 57 15 60
198 24 198 35
84 176 84 186
144 28 146 31
52 14 63 14
45 38 48 40
0 200 0 211
11 176 16 177
41 196 52 196
94 83 98 84
46 170 48 173
180 186 182 189
192 101 194 104
17 101 19 104
162 133 173 133
83 193 93 193
90 54 92 57
39 221 44 222
82 246 84 249
132 227 132 238
158 107 161 109
178 72 178 83
125 173 130 174
141 197 146 198
155 86 157 89
18 28 20 31
10 134 10 142
83 199 84 204
148 239 152 240
78 185 78 195
82 143 84 146
168 43 170 46
39 78 41 81
113 54 120 54
24 127 29 128
156 176 158 179
147 185 156 185
162 206 164 209
84 147 86 150
70 60 75 61
5 113 10 114
26 7 36 7
159 92 159 102
196 160 198 163
93 90 94 95
162 152 164 155
7 48 7 59
181 198 183 201
1 37 3 40
148 32 150 35
50 109 55 110
14 111 16 114
51 226 52 231
153 62 158 63
104 18 104 29
47 165 58 165
33 113 35 116
179 0 184 1
162 107 164 109
117 192 118 197
8 0 10 3
70 98 81 98
15 239 26 239
188 117 193 118
127 224 128 229
195 45 197 48
44 145 45 150
196 225 198 228
77 105 78 110
130 41 131 46
61 219 62 222
25 217 36 217
105 95 107 98
49 70 54 71
0 226 0 236
167 120 178 120
130 120 135 121
74 179 76 182
153 120 158 121
77 237 79 240
164 113 169 114
46 54 48 57
108 144 108 155
37 224 39 227
67 44 69 46
167 69 169 72
161 17 163 20
140 40 151 40
20 139 30 139
20 158 25 159
69 64 71 67
165 248 176 248
111 43 112 48
45 106 47 109
68 47 71 49
15 71 26 71
182 90 184 93
30 78 35 79
140 65 142 68
120 0 125 1
9 44 18 44
14 81 17 83
160 214 162 217
43 100 45 103
18 204 20 207
141 69 143 71
196 119 196 130
31 121 39 121
83 158 85 161
91 206 92 211
180 109 185 110
56 227 58 230
24 191 29 192
179 167 181 170
169 34 171 37
48 187 50 190
116 33 118 36
160 4 162 7
33 92 35 94
156 218 156 229
152 130 156 131
165 87 176 87
41 22 43 25
161 194 166 195
68 33 69 36
87 245 89 248
117 238 120 240
96 193 98 196
135 8 145 8
26 31 26 42
172 12 174 15
81 76 83 79
125 28 127 31
18 3 20 6
183 36 188 37
26 248 31 249
131 86 133 89
181 61 186 62
186 96 188 99
153 7 156 9
127 91 129 94
171 220 172 223
144 9 146 12
140 170 151 170
147 191 149 193
127 32 129 35
100 191 111 191
97 52 97 62
4 197 6 200
109 57 114 58
193 230 198 231
146 60 146 71
140 127 142 130
76 216 81 217
179 112 180 117
39 18 40 23
28 214 33 215
152 136 163 136
22 140 24 143
47 4 52 5
76 177 81 178
13 193 16 195
64 92 69 93
182 205 187 206
121 45 122 50
53 210 56 212
40 241 45 242
51 79 62 79
77 39 82 40
62 203 64 206
111 199 116 200
61 60 66 61
81 44 92 44
57 53 59 56
11 157 22 157
13 142 18 143
190 96 190 107
91 230 94 232
192 94 195 96
45 73 56 73
31 108 36 109
24 27 35 27
82 212 83 216
119 80 127 80
16 209 21 210
119 55 121 58
13 154 18 155
11 219 13 222
56 43 58 46
80 147 83 149
69 177 69 188
27 100 28 105
96 197 98 200
97 210 102 211
151 193 162 193
98 205 103 206
179 53 184 54
91 177 92 181
108 112 119 112
85 180 86 185
93 27 93 38
113 207 124 207
165 39 170 40
117 61 119 64
134 67 136 70
86 45 89 47
156 55 165 55
154 166 155 171
118 67 123 68
61 3 72 3
147 211 152 212
151 102 153 105
122 155 133 155
31 97 33 100
34 58 36 61
107 60 109 63
183 97 185 100
67 127 72 128
6 148 11 149
22 216 33 216
105 33 107 36
75 69 77 72
95 8 97 11
52 237 57 238
76 227 87 227
80 55 82 58
15 46 20 47
3 160 5 163
55 2 57 5
78 30 83 31
104 128 106 131
191 57 193 60
148 148 150 151
158 219 169 219
65 205 74 205
13 68 14 73
160 92 160 101
65 23 67 26
188 29 190 32
119 148 130 148
13 129 18 130
175 229 175 240
22 25 27 26
130 134 132 137
99 8 102 10
32 111 37 112
193 37 198 38
145 220 147 223
114 24 124 24
21 27 23 30
73 91 75 94
94 16 95 21
116 102 118 105
105 19 105 30
53 0 54 4
50 204 52 207
17 105 19 108
28 18 29 23
141 92 143 94
132 186 135 188
4 124 8 125
68 11 70 14
134 229 136 232
92 103 93 108
174 122 174 133
176 133 178 136
61 42 63 45
134 131 136 134
111 146 113 149
41 212 52 212
9 122 11 125
10 96 21 96
99 84 101 87
46 67 48 70
153 233 153 244
98 123 103 124
45 221 55 221
194 233 196 236
150 110 159 110
82 105 86 106
53 48 55 51
81 66 83 69
59 4 70 4
5 211 7 214
1 149 3 152
130 90 133 92
79 221 81 224
141 9 143 12
188 139 189 144
11 204 12 209
129 223 131 226
102 86 104 89
185 94 190 95
147 178 149 181
183 194 187 195
98 37 100 40
134 83 135 88
180 145 185 146
12 48 13 53
186 22 197 22
116 156 127 156
49 74 54 75
143 117 148 118
57 198 59 201
71 188 76 189
97 179 100 181
108 233 113 234
40 231 45 232
8 4 10 7
150 42 151 47
17 241 22 242
170 80 172 83
124 214 126 217
76 225 81 226
97 118 99 121
65 206 75 206
11 141 18 141
195 169 197 172
54 249 65 249
71 225 73 228
78 33 80 36
5 156 16 156
13 61 15 64
24 117 35 117
89 1 89 10
16 163 18 166
159 211 163 212
25 160 26 165
173 34 175 37
56 49 58 52
157 0 157 8
27 41 32 42
59 127 61 130
59 243 61 246
156 164 157 169
5 79 7 82
144 143 149 144
159 119 160 124
37 57 39 60
196 138 198 141
138 177 143 178
183 196 192 196
65 151 67 154
15 212 17 215
158 139 158 150
99 56 101 59
53 180 55 183
162 67 164 70
1 117 11 117
118 218 120 221
161 94 166 95
46 192 48 195
169 156 178 156
156 48 157 53
0 118 3 119
178 60 178 71
34 143 36 146
125 24 136 24
164 171 169 172
43 151 45 153
52 81 53 86
36 14 41 15
192 81 194 84
91 164 93 167
119 34 124 35
95 142 96 147
98 19 100 22
157 237 158 242
101 105 103 108
32 68 34 71
7 157 10 159
51 247 60 247
91 237 100 237
56 191 67 191
196 68 198 71
182 222 187 223
124 149 129 150
189 204 191 207
41 162 41 173
57 205 58 210
143 147 145 150
180 133 182 136
56 241 61 242
114 19 124 19
115 245 117 248
25 181 36 181
196 237 198 240
0 184 9 184
77 73 79 76
152 132 155 134
152 31 154 34
63 68 71 68
86 72 88 75
195 242 197 245
139 96 143 97
120 92 120 103
24 213 35 213
64 126 64 137
163 148 165 151
90 200 95 201
163 123 165 126
184 66 186 69
52 8 54 11
4 9 9 10
163 159 168 160
81 90 83 93
128 213 131 215
180 139 182 142
90 2 92 5
7 131 12 132
47 175 49 178
77 57 79 60
96 99 98 102
105 0 116 0
175 40 177 43
87 123 90 125
56 181 58 184
65 8 67 11
43 226 45 229
76 84 81 85
9 210 10 214
57 106 59 109
150 80 155 81
77 163 82 164
190 142 193 143
13 74 15 77
47 216 50 218
13 99 18 100
3 18 5 21
146 135 157 135
164 41 166 44
114 20 117 21
179 55 179 65
137 160 137 171
83 138 85 141
106 100 111 101
166 165 168 168
189 225 191 228
73 246 75 249
62 18 64 21
178 163 183 164
177 30 180 32
87 58 92 59
109 1 114 2
0 139 4 140
46 166 49 168
15 219 17 222
103 142 104 147
137 45 139 48
174 104 176 107
150 58 155 59
114 98 116 101
64 139 66 141
80 51 82 54
158 45 166 45
166 180 168 183
35 67 37 70
19 190 22 192
176 213 176 224
6 187 11 188
169 173 170 177
152 64 163 64
38 64 40 67
148 207 150 210
79 187 79 198
105 110 105 121
171 153 176 154
127 175 129 178
74 23 78 24
97 141 98 146
121 37 123 40
147 28 157 28
148 241 151 242
41 73 43 76
183 188 185 191
159 23 160 28
106 106 107 110
11 165 13 168
22 206 23 211
103 55 105 58
69 169 71 172
148 60 150 63
69 82 71 85
42 136 43 141
184 198 185 203
108 244 110 247
169 189 172 191
29 59 33 60
189 53 191 56
110 132 114 133
0 24 0 35
103 158 104 162
131 167 135 168
171 17 176 18
138 25 143 26
59 223 61 226
119 36 128 36
9 144 20 144
191 130 193 133
59 143 64 144
115 173 117 176
137 140 144 140
54 39 65 39
152 83 155 85
69 124 80 124
24 75 26 78
175 144 177 147
29 141 31 143
100 139 103 141
161 169 163 172
106 201 111 202
25 226 27 229
183 13 184 18
101 223 103 226
3 91 5 94
109 122 112 123
8 243 9 248
188 119 191 121
168 98 170 101
189 10 194 11
139 152 140 157
40 98 42 101
5 190 10 191
186 2 188 5
45 14 46 19
135 53 140 54
178 3 183 4
50 168 57 168
53 243 55 246
41 112 44 114
84 31 85 36
122 189 124 192
181 129 186 130
5 71 7 74
122 120 127 121
160 156 165 157
10 60 12 63
182 166 187 167
122 55 131 55
42 186 47 187
84 236 86 239
138 203 149 203
45 128 56 128
121 61 132 61
161 200 172 200
192 232 193 237
5 238 7 241
67 103 69 106
0 179 3 181
41 199 52 199
95 139 98 140
0 80 1 85
40 176 42 179
19 133 27 133
180 101 185 102
180 87 181 92
127 0 138 0
118 179 129 179
146 78 146 86
13 216 18 217
97 130 99 133
93 122 103 122
86 152 88 155
147 79 148 84
55 74 58 76
58 81 63 82
115 82 117 84
143 51 145 53
76 228 81 229
187 125 190 126
72 102 74 105
47 223 52 224
55 80 57 82
26 82 31 83
66 226 67 231
117 55 118 58
166 147 167 152
59 183 61 186
195 175 197 178
22 144 27 145
66 62 77 62
111 237 111 248
191 12 194 14
129 232 131 235
117 164 122 165
167 229 168 234
78 2 83 3
142 153 144 156
15 183 17 186
160 72 162 75
111 30 113 33
108 34 112 35
179 229 181 232
67 218 78 218
188 152 192 153
11 65 22 65
136 148 137 153
84 87 85 92
79 241 81 244
48 122 53 123
147 72 152 73
117 180 128 180
113 106 118 107
167 238 171 239
87 109 92 110
141 199 146 200
82 19 91 19
122 89 123 93
69 132 71 135
35 42 38 44
137 218 139 221
98 60 105 60
170 138 171 143
164 249 175 249
196 60 198 63
37 94 40 96
39 156 39 167
152 46 163 46
9 67 11 70
115 148 117 151
135 177 137 180
82 62 87 63
158 30 160 33
189 215 191 218
179 78 181 81
113 36 115 39
95 28 95 39
161 24 161 35
175 50 177 53
137 131 141 132
97 14 100 16
72 230 77 231
60 194 61 199
0 97 11 97
123 182 128 183
162 21 164 24
132 72 134 74
146 151 147 156
12 146 17 147
173 191 175 194
13 103 13 114
15 123 20 124
114 203 119 204
16 196 17 200
134 1 136 4
1 165 4 167
108 214 108 225
73 220 75 223
9 166 10 171
114 205 119 206
7 92 9 95
112 136 115 137
131 242 133 245
171 209 181 209
64 98 69 99
48 16 50 19
98 52 100 54
146 107 155 107
153 70 158 71
147 194 156 194
77 200 79 203
152 186 156 187
190 111 194 112
93 244 95 247
161 12 163 15
43 89 45 92
149 74 154 75
63 46 63 53
103 187 105 190
169 62 171 65
69 78 71 81
122 25 133 25
24 206 31 206
141 60 143 63
156 230 156 240
143 232 146 234
133 223 133 234
18 51 20 54
82 13 84 16
184 44 194 44
184 45 186 48
195 80 197 83
141 221 143 224
10 195 12 198
107 26 109 29
89 184 94 185
27 113 32 114
72 232 74 235
43 124 45 127
39 29 41 32
88 162 88 173
5 75 7 78
40 154 41 157
71 4 73 7
33 190 35 193
56 40 67 40
195 57 195 68
156 39 161 40
7 199 10 201
14 243 21 243
8 87 10 90
170 26 172 29
54 204 56 207
179 7 184 8
59 95 70 95
96 31 105 31
29 150 31 153
45 131 47 134
34 55 43 55
92 221 99 221
82 240 84 242
87 111 92 112
83 116 94 116
58 5 66 5
71 95 76 96
162 127 167 128
4 107 9 108
54 240 65 240
110 109 115 110
101 6 106 7
146 3 148 6
99 235 104 236
182 169 187 170
17 235 20 237
119 81 128 81
76 236 76 247
42 189 47 190
170 182 175 183
135 245 137 248
61 15 61 25
152 0 152 11
99 96 101 99
65 75 67 78
93 209 103 209
102 151 107 152
67 173 69 176
166 50 171 51
8 75 11 76
23 86 25 89
175 198 177 201
83 38 85 40
119 69 122 71
165 25 167 28
99 192 104 193
33 235 35 238
179 10 179 21
34 234 42 234
102 59 112 59
176 234 178 237
184 49 186 52
139 23 144 24
39 42 41 44
16 74 18 77
198 209 198 220
119 72 121 75
138 102 143 103
5 62 7 65
181 241 182 245
176 190 180 191
104 16 109 17
124 56 127 58
136 187 137 191
23 79 26 80
175 140 177 143
15 244 26 244
92 160 94 163
183 111 185 114
22 231 27 232
65 124 65 132
33 104 44 104
4 150 8 151
169 137 180 137
80 99 85 100
193 39 196 41
4 218 15 218
94 72 105 72
85 134 87 137
62 22 63 27
121 230 123 233
77 246 79 248
51 157 54 158
142 160 144 163
91 227 102 227
150 111 158 111
142 157 145 159
87 146 89 149
104 79 113 79
29 188 32 190
106 46 106 57
77 209 84 209
85 172 85 179
181 55 184 57
71 191 76 192
118 241 118 248
121 244 123 247
23 36 25 39
4 193 9 194
130 2 131 7
47 110 47 117
35 71 46 71
76 91 78 94
8 55 8 66
29 157 31 160
179 222 181 225
48 11 50 14
146 159 157 159
156 79 158 81
76 220 78 223
48 148 53 149
34 77 42 77
187 129 189 132
135 205 140 206
125 189 132 189
160 61 165 62
59 227 60 232
112 159 114 162
179 23 187 23
23 43 24 46
50 240 52 243
175 226 180 227
53 222 56 223
169 184 174 185
56 6 58 9
167 121 178 121
109 176 114 177
23 168 25 171
17 201 22 202
78 64 79 69
82 243 85 245
125 207 135 207
106 18 106 29
133 10 134 14
0 141 3 143
173 19 173 29
101 217 106 218
80 135 80 145
72 1 82 1
90 153 92 156
147 85 147 93
121 170 126 171
31 118 34 119
91 212 93 214
5 118 16 118
145 54 148 56
143 119 143 129
35 72 40 73
186 158 197 158
44 243 45 247
13 55 18 56
112 224 114 227
182 128 193 128
28 168 39 168
100 125 100 132
12 181 13 186
183 19 185 21
64 107 69 108
190 239 195 240
137 105 142 106
16 173 18 175
50 32 52 35
141 225 143 228
195 180 197 183
151 60 151 70
183 208 188 209
105 38 105 48
194 125 194 136
33 9 35 12
178 40 187 40
40 210 44 211
108 227 109 232
132 64 142 64
147 232 151 233
129 53 133 54
183 197 192 197
169 157 171 160
0 185 1 190
74 224 75 227
32 101 35 102
75 125 78 126
76 61 85 61
180 63 181 68
86 87 91 88
15 48 18 50
198 170 198 181
122 72 127 73
36 74 39 76
28 6 37 6
79 230 81 233
41 64 46 65
71 151 73 154
131 129 139 129
110 164 115 165
90 248 94 249
107 48 108 53
169 134 174 135
122 217 122 228
35 244 38 246
115 115 126 115
110 125 115 126
52 102 57 103
41 223 46 224
195 145 196 150
64 65 67 67
178 248 189 248
13 204 17 205
185 85 196 85
39 83 41 86
186 159 188 161
189 159 196 159
156 151 158 153
133 199 138 200
85 77 88 79
89 168 92 169
12 188 14 191
32 157 34 159
75 116 77 119
48 133 56 133
93 73 98 74
81 43 89 43
185 53 188 55
88 134 98 134
5 178 15 178
130 28 132 31
108 235 110 238
109 38 111 41
123 122 134 122
140 211 142 214
94 77 97 79
30 198 41 198
124 94 126 96
104 166 115 166
71 73 76 74
168 161 179 161
57 91 58 96
177 214 178 217
14 179 16 182
138 165 139 170
138 172 141 174
35 122 37 124
128 156 130 158
185 86 196 86
14 90 19 91
11 28 16 29
136 207 138 209
102 207 109 207
96 246 99 247
46 225 46 233
86 1 88 4
163 96 165 99
27 85 29 88
192 225 193 229
20 212 23 214
192 24 197 25
177 46 182 47
21 127 23 130
59 145 62 146
49 171 53 172
95 135 100 136
49 76 54 77
105 11 116 11
0 47 11 47
64 216 66 219
111 208 114 209
119 242 120 247
44 36 54 36
124 107 127 109
99 110 104 111
174 94 176 97
158 52 166 52
19 149 21 152
133 201 144 201
115 157 126 157
17 109 19 112
118 172 121 174
53 41 63 41
115 162 126 162
151 76 162 76
68 15 68 25
152 18 153 22
58 213 59 218
170 148 177 148
0 92 2 95
109 167 111 170
17 67 22 68
15 4 17 7
187 213 192 214
191 99 196 100
129 246 134 247
13 229 15 232
43 49 48 50
20 97 22 99
173 157 178 158
158 226 160 229
126 249 137 249
156 57 161 58
123 248 134 248
155 141 157 144
69 115 80 115
149 114 149 123
137 226 138 231
190 38 192 41
126 143 128 146
139 176 150 176
95 137 105 137
102 18 102 29
101 219 106 220
182 217 185 219
137 215 142 216
137 83 142 84
115 158 118 160
36 134 38 137
81 236 83 239
175 10 177 13
83 194 93 194
91 12 101 12
106 113 109 114
121 238 122 242
111 235 118 235
70 219 70 227
15 92 17 95
31 161 36 162
59 173 59 182
80 11 91 11
125 64 126 69
47 99 58 99
27 16 37 16
154 213 159 214
164 173 167 175
137 107 142 108
191 113 195 114
39 134 41 137
156 127 160 128
187 219 192 220
166 203 168 206
144 127 146 129
39 184 44 185
29 48 31 51
62 155 72 155
32 218 34 220
85 203 95 203
75 235 86 235
101 125 101 135
65 193 76 193
175 131 183 131
67 130 72 131
47 9 47 18
11 37 13 40
65 97 74 97
178 5 178 14
129 77 130 82
52 185 57 186
86 138 89 139
127 41 129 44
119 8 130 8
20 248 25 249
75 47 76 52
109 150 111 152
36 154 38 157
181 24 184 26
69 69 71 72
16 247 27 247
32 173 39 173
144 94 146 96
96 108 98 111
65 212 67 215
194 247 197 249
131 79 135 80
94 213 103 213
175 56 177 59
67 63 74 63
0 249 9 249
42 132 44 135
144 69 144 80
19 215 20 218
122 74 124 77
107 13 114 13
185 42 190 43
37 249 48 249
70 26 72 29
151 23 154 25
181 83 183 86
48 108 49 113
99 93 104 94
67 207 72 208
92 80 97 81
156 174 161 175
191 70 195 71
88 62 91 63
170 67 171 72
110 60 114 61
52 87 55 89
123 51 125 54
76 143 78 146
82 135 84 137
166 49 177 49
164 63 167 65
162 181 164 184
74 7 76 9
41 21 50 21
194 1 194 8
12 0 14 3
190 187 198 187
160 185 167 185
50 111 53 112
172 139 179 139
68 117 70 120
0 174 10 174
45 51 45 58
9 79 14 80
22 100 24 103
63 89 74 89
76 139 78 142
47 82 47 93
9 121 18 121
20 164 21 169
193 115 198 116
94 25 99 26
34 187 39 188
82 81 84 84
172 159 176 160
127 19 129 22
95 85 95 93
10 248 17 248
197 117 197 128
2 89 6 90
48 82 50 84
170 124 172 127
94 105 99 106
93 153 96 155
129 123 131 126
14 84 25 84
48 134 53 135
86 22 89 23
75 136 78 138
15 0 16 3
172 62 174 65
118 121 120 124
130 178 133 180
172 3 175 5
177 220 185 220
184 184 187 186
149 29 159 29
106 179 111 180
37 130 48 130
59 119 61 122
95 238 97 241
106 185 109 186
0 237 10 237
62 173 62 184
186 133 188 136
103 8 105 10
159 220 160 223
188 221 191 223
11 41 14 43
162 30 163 35
85 82 87 85
65 111 65 122
45 163 55 163
129 202 139 202
1 232 11 232
160 48 165 49
144 145 149 146
42 66 44 68
72 64 74 67
2 75 4 78
129 26 134 27
186 145 191 146
20 220 22 223
170 122 173 123
55 193 55 200
65 181 67 184
21 124 26 125
157 196 166 196
137 210 147 210
187 65 190 67
91 128 94 129
121 184 126 185
152 39 153 44
89 24 100 24
183 243 190 243
1 228 3 231
83 6 85 9
110 142 115 143
9 66 17 66
187 180 192 181
98 34 103 35
193 174 194 179
169 92 172 93
44 6 55 6
42 29 52 29
0 191 3 192
110 228 113 230
40 237 42 240
68 100 73 101
192 77 197 78
26 167 27 172
33 63 41 63
166 61 175 61
9 160 10 163
181 27 183 29
58 131 63 132
160 245 161 248
55 0 60 1
114 163 125 163
57 133 62 134
129 106 131 109
122 144 125 146
3 98 8 99
115 22 126 22
187 48 190 50
119 114 130 114
143 109 145 112
197 72 198 76
86 28 89 29
146 217 151 218
182 94 184 96
136 85 137 88
139 36 142 38
58 10 60 13
166 81 169 83
151 146 152 151
85 16 92 16
96 33 104 33
1 203 2 207
178 147 185 147
56 135 61 136
90 137 92 140
132 217 142 217
108 85 108 94
64 50 69 51
121 26 126 27
160 131 169 131
173 163 177 164
75 157 86 157
42 80 44 83
102 95 104 98
136 41 145 41
124 238 124 247
83 114 88 115
154 12 155 16
103 1 106 3
69 198 70 203
127 127 132 128
191 16 194 18
158 0 158 8
187 19 192 20
83 17 92 17
198 198 198 208
108 239 109 243
124 133 126 136
188 34 193 35
88 157 93 158
1 25 3 27
10 249 18 249
151 82 162 82
151 92 153 95
45 26 56 26
162 186 164 189
51 90 55 91
185 89 190 90
110 104 115 105
11 5 14 7
20 178 31 178
152 69 160 69
55 77 58 78
117 29 122 30
138 29 143 30
133 31 140 31
196 101 198 104
159 197 164 198
83 113 91 113
132 32 135 34
70 102 71 107
155 112 156 115
46 234 46 243
18 191 18 199
54 83 58 84
21 217 23 219
75 65 77 68
125 48 127 50
164 0 165 5
119 83 124 84
42 203 50 203
19 162 19 173
180 181 181 184
0 144 0 151
89 162 90 167
111 68 113 71
144 58 149 59
189 168 192 169
116 182 118 185
114 69 117 71
84 117 95 117
161 220 166 221
173 205 177 206
0 4 1 9
34 64 37 66
37 7 44 7
30 19 31 24
70 216 75 217
27 10 28 15
94 99 95 104
84 131 92 131
191 0 192 4
168 0 169 3
10 92 14 93
196 57 198 59
34 138 38 139
69 75 74 76
94 6 99 7
59 57 62 58
156 199 166 199
167 195 168 199
0 242 1 245
139 232 140 237
155 138 164 138
185 241 196 241
158 158 158 169
37 27 38 30
90 66 91 71
27 155 27 165
102 228 103 231
107 3 108 8
91 242 95 243
186 91 193 91
187 156 192 157
180 36 182 39
131 156 132 160
161 222 166 223
30 18 38 18
123 119 131 119
117 249 124 249
48 64 57 64
106 172 111 173
122 209 126 210
6 166 8 169
196 134 198 137
186 188 193 188
132 215 136 216
177 122 180 123
70 181 70 192
131 162 133 165
191 101 191 108
20 138 27 138
84 98 91 98
32 19 34 21
106 187 109 188
134 233 137 235
60 203 61 208
59 92 63 93
77 102 81 103
196 221 197 224
49 15 57 15
45 110 46 114
92 96 93 99
65 203 68 204
10 94 13 95
42 30 52 30
140 219 143 220
7 28 10 29
189 0 189 9
61 86 70 86
16 63 20 64
181 9 184 11
112 154 123 154
132 107 132 118
13 14 14 19
197 142 197 153
154 108 157 109
59 44 60 49
38 51 41 53
41 45 43 47
45 27 56 27
196 10 198 13
13 132 13 140
51 138 59 138
72 45 74 47
161 177 165 178
160 204 164 205
150 0 151 4
35 221 35 232
185 82 188 83
145 17 147 20
168 14 171 16
63 87 67 88
139 186 139 197
65 137 72 137
95 161 95 170
22 146 23 150
37 45 37 54
75 19 77 22
80 190 83 191
3 182 8 183
114 146 119 147
17 25 17 33
59 71 63 72
125 140 128 141
30 13 33 15
2 81 3 86
88 83 90 86
76 10 84 10
107 44 109 46
159 149 161 151
14 133 15 137
182 115 183 119
162 79 166 80
184 84 191 84
1 42 3 45
119 194 122 196
77 179 77 189
199 238 199 249
44 173 45 176
194 209 194 220
61 229 62 234
4 133 5 136
105 85 107 87
9 13 20 13
181 104 182 108
63 223 65 226
110 18 111 21
85 48 95 48
88 141 91 143
31 165 35 166
62 106 62 116
23 184 25 186
148 220 148 231
185 1 185 12
95 52 95 61
198 149 198 158
107 230 107 240
172 89 177 90
87 54 89 57
123 123 124 126
22 151 23 154
137 65 137 74
34 8 41 8
199 208 199 219
199 222 199 233
139 225 140 230
5 5 7 8
68 73 68 84
199 189 199 200
159 84 161 87
101 15 101 26
49 193 51 195
75 183 76 187
108 156 111 157
199 175 199 186
199 159 199 170
35 1 37 4
199 136 199 147
128 16 131 18
10 23 21 23
198 122 198 133
75 16 78 18
103 17 103 27
198 89 198 99
199 90 199 101
199 67 199 78
199 125 199 133
182 63 183 67
74 149 75 153
198 45 199 50
154 2 156 5
168 6 169 11
174 50 174 60
199 32 199 43
8 14 10 17
199 16 199 27
18 0 23 1
34 39 34 49
0 74 1 79
0 65 1 70
0 55 1 58
